3,2
3,1
3,3
10,282
10,86
10,4
10,204
10,306
10,34
10,98
10,1
10,276
10,2
10,3
11,26
11,16
11,15
11,11
11,21
11,30
11,4
8,9
8,13
8,6
8,5
51,17
51,16
51,15
51,14
51,13
51,12
51,11
51,10
51,9
51,8
51,7
51,6
51,5
51,1
47,196
47,195
47,194
47,193
47,192
47,130
47,129
47,128
47,101
47,100
47,99
47,98
47,97
47,96
47,95
47,94
47,93
47,92
47,91
47,90
47,89
47,88
47,87
47,86
47,85
47,84
47,83
47,82
47,81
47,80
47,79
47,78
47,77
47,76
47,75
47,74
47,73
47,72
47,71
47,70
47,69
47,68
47,67
47,66
47,65
47,64
47,63
47,62
47,61
47,60
47,59
47,58
47,57
47,56
47,55
47,54
47,53
47,52
47,51
47,50
47,49
47,48
47,47
47,46
47,45
47,44
47,43
47,42
47,41
47,40
47,39
47,38
47,37
47,36
47,35
47,34
47,33
47,32
47,31
47,30
47,29
47,28
